3.01 
5.51 
5.68 
8.02 
8.34 
9.1 
9.34 
10.05 
10.29 
10.74 
11.01 
11.67 
12.43 
12.69 
13.02 
13.69 
14.35 
15.02 
15.68 
16.02 
16.35 
16.7 
17.02 
17.35 
17.7 
18.0 
18.36 
19.0 
19.36 
19.7 
19.9 
20.03 
20.35 
20.68 
21.01 
21.21 
21.35 
21.69 
22.02 
22.36 
22.68 
23.02 
23.34 
23.69 
24.02 
24.36 
24.54 
24.68 
25.02 
25.35 
25.56 
25.69 
26.02 
26.35 
26.68 
27.02 
27.34 
27.68 
28.02 
28.35 
28.68 
29.01 
29.35 
29.69 
29.86 
30.02 
30.35 
30.84 
31.02 
31.2 
31.35 
31.68 
32.01 
32.35 
32.68 
33.01 
33.34 
33.68 
34.02 
34.31 
34.68 
35.02 
35.23 
35.36 
35.68 
36.02 
36.35 
36.52 
36.68 
37.01 
37.36 
37.68 
37.85 
38.02 
38.35 
38.68 
38.86 
39.0 
39.35 
39.69 
39.87 
40.0 
41.34 
41.52 
41.68 
44.7